0 0.336 0.5397301349325337 0.068 0.08695652173913043
0 0.47400000000000003 0.5592203898050975 0.064 0.07796101949025487
0 0.8025 0.7818590704647675 0.061 0.09745127436281859
0 0.687 0.7593703148425787 0.094 0.07646176911544228
0 0.8395 0.40929535232383807 0.041 0.05697151424287856
0 0.7030000000000001 0.25037481259370314 0.032 0.035982008995502246
0 0.41200000000000003 0.27961019490254874 0.058 0.046476761619190406
0 0.2215 0.2841079460269865 0.059000000000000004 0.05547226386806597
0 0.139 0.17241379310344826 0.048 0.04497751124437781
0 0.5005000000000001 0.12218890554722639 0.029 0.025487256371814093
0 0.2585 0.06896551724137931 0.031 0.03298350824587706
0 0.122 0.0457271364317841 0.042 0.04047976011994003
0 0.7215 0.11094452773613193 0.021 0.03298350824587706
0 0.736 0.1454272863568216 0.034 0.020989505247376312
0 0.7775 0.15217391304347824 0.027 0.04047976011994003
0 0.6765 0.03298350824587706 0.023 0.0239880059970015
0 0.1005 0.2556221889055472 0.051000000000000004 0.07646176911544228
0 0.062 0.20689655172413793 0.034 0.050974512743628186
0 0.0185 0.24962518740629686 0.029 0.04947526236881559
0 0.5690000000000001 0.252623688155922 0.028 0.043478260869565216
0 0.7235 0.3538230884557721 0.039 0.05397301349325337
0 0.9815 0.3995502248875562 0.037 0.04047976011994003
0 0.8875000000000001 0.608695652173913 0.051000000000000004 0.05397301349325337
0 0.579 0.7143928035982009 0.07200000000000001 0.037481259370314844
